(kicad_pcb (version 20171130) (host pcbnew 5.1.2-5.1.2)

  (general
    (thickness 1.6)
    (drawings 11)
    (tracks 284)
    (zones 0)
    (modules 37)
    (nets 45)
  )

  (page A4)
  (title_block
    (title "Parallel Port Headphone DAC")
    (date 2019-05-10)
    (company "Benedikt Freisen")
    (comment 1 "(SoundJr replica)")
    (comment 2 "Port-powered, with volume control")
    (comment 4 "Parallel Port Headphone DAC")
  )

  (layers
    (0 F.Cu signal)
    (31 B.Cu signal)
    (32 B.Adhes user)
    (33 F.Adhes user)
    (34 B.Paste user)
    (35 F.Paste user)
    (36 B.SilkS user hide)
    (37 F.SilkS user hide)
    (38 B.Mask user)
    (39 F.Mask user)
    (40 Dwgs.User user)
    (41 Cmts.User user)
    (42 Eco1.User user)
    (43 Eco2.User user)
    (44 Edge.Cuts user)
    (45 Margin user)
    (46 B.CrtYd user)
    (47 F.CrtYd user)
    (48 B.Fab user)
    (49 F.Fab user)
  )

  (setup
    (last_trace_width 0.25)
    (trace_clearance 0.2)
    (zone_clearance 0.508)
    (zone_45_only no)
    (trace_min 0.2)
    (via_size 0.8)
    (via_drill 0.4)
    (via_min_size 0.4)
    (via_min_drill 0.3)
    (uvia_size 0.3)
    (uvia_drill 0.1)
    (uvias_allowed no)
    (uvia_min_size 0.2)
    (uvia_min_drill 0.1)
    (edge_width 0.15)
    (segment_width 0.2)
    (pcb_text_width 0.3)
    (pcb_text_size 1.5 1.5)
    (mod_edge_width 0.15)
    (mod_text_size 1 1)
    (mod_text_width 0.15)
    (pad_size 1.6 1.6)
    (pad_drill 0.8)
    (pad_to_mask_clearance 0.051)
    (solder_mask_min_width 0.25)
    (aux_axis_origin 0 0)
    (visible_elements FFFFFF7F)
    (pcbplotparams
      (layerselection 0x010fc_ffffffff)
      (usegerberextensions false)
      (usegerberattributes false)
      (usegerberadvancedattributes false)
      (creategerberjobfile false)
      (excludeedgelayer true)
      (linewidth 0.100000)
      (plotframeref false)
      (viasonmask false)
      (mode 1)
      (useauxorigin false)
      (hpglpennumber 1)
      (hpglpenspeed 20)
      (hpglpendiameter 15.000000)
      (psnegative false)
      (psa4output false)
      (plotreference true)
      (plotvalue true)
      (plotinvisibletext false)
      (padsonsilk false)
      (subtractmaskfromsilk false)
      (outputformat 1)
      (mirror false)
      (drillshape 1)
      (scaleselection 1)
      (outputdirectory ""))
  )

  (net 0 "")
  (net 1 "Net-(Q1-Pad1)")
  (net 2 "Net-(Q2-Pad3)")
  (net 3 "Net-(Q2-Pad2)")
  (net 4 "Net-(Q3-Pad2)")
  (net 5 "Net-(Q3-Pad3)")
  (net 6 "Net-(Q4-Pad2)")
  (net 7 /DAC_OUT)
  (net 8 VCC)
  (net 9 GND)
  (net 10 /STATUS5)
  (net 11 /D0)
  (net 12 /CONTROL1)
  (net 13 /CONTROL0)
  (net 14 /D1)
  (net 15 /D2)
  (net 16 /D3)
  (net 17 /D4)
  (net 18 /D5)
  (net 19 /D6)
  (net 20 /D7)
  (net 21 /STATUS6)
  (net 22 /STATUS7)
  (net 23 /STATUS4)
  (net 24 /STATUS3)
  (net 25 /CONTROL2)
  (net 26 /CONTROL3)
  (net 27 "Net-(J2-PadR)")
  (net 28 "Net-(J2-PadT)")
  (net 29 /AUDIO_OUT)
  (net 30 "Net-(Q4-Pad3)")
  (net 31 "Net-(Q5-Pad1)")
  (net 32 "Net-(Q7-Pad3)")
  (net 33 "Net-(Q8-Pad3)")
  (net 34 "Net-(Q9-Pad3)")
  (net 35 /DAC_2xLP)
  (net 36 /DAC_1xLP)
  (net 37 /D0_20k)
  (net 38 /D1_20k)
  (net 39 /D2_20k)
  (net 40 /D3_20k)
  (net 41 /D4_20k)
  (net 42 /D5_20k)
  (net 43 /D6_20k)
  (net 44 /DAC_1.5xLP)

  (net_class Default "Dies ist die voreingestellte Netzklasse."
    (clearance 0.2)
    (trace_width 0.25)
    (via_dia 0.8)
    (via_drill 0.4)
    (uvia_dia 0.3)
    (uvia_drill 0.1)
    (add_net /AUDIO_OUT)
    (add_net /CONTROL0)
    (add_net /CONTROL1)
    (add_net /CONTROL2)
    (add_net /CONTROL3)
    (add_net /D0)
    (add_net /D0_20k)
    (add_net /D1)
    (add_net /D1_20k)
    (add_net /D2)
    (add_net /D2_20k)
    (add_net /D3)
    (add_net /D3_20k)
    (add_net /D4)
    (add_net /D4_20k)
    (add_net /D5)
    (add_net /D5_20k)
    (add_net /D6)
    (add_net /D6_20k)
    (add_net /D7)
    (add_net /DAC_1.5xLP)
    (add_net /DAC_1xLP)
    (add_net /DAC_2xLP)
    (add_net /DAC_OUT)
    (add_net /STATUS3)
    (add_net /STATUS4)
    (add_net /STATUS5)
    (add_net /STATUS6)
    (add_net /STATUS7)
    (add_net "Net-(J2-PadR)")
    (add_net "Net-(J2-PadT)")
    (add_net "Net-(Q1-Pad1)")
    (add_net "Net-(Q2-Pad2)")
    (add_net "Net-(Q2-Pad3)")
    (add_net "Net-(Q3-Pad2)")
    (add_net "Net-(Q3-Pad3)")
    (add_net "Net-(Q4-Pad2)")
    (add_net "Net-(Q4-Pad3)")
    (add_net "Net-(Q5-Pad1)")
    (add_net "Net-(Q7-Pad3)")
    (add_net "Net-(Q8-Pad3)")
    (add_net "Net-(Q9-Pad3)")
  )

  (net_class Power ""
    (clearance 0.2)
    (trace_width 0.35)
    (via_dia 0.8)
    (via_drill 0.4)
    (uvia_dia 0.3)
    (uvia_drill 0.1)
    (add_net GND)
    (add_net VCC)
  )

  (module parallel_port_headphone_dac:SoundJr_AudioJack (layer F.Cu) (tedit 5CB61BDE) (tstamp 5CB66B81)
    (at 127 87.376)
    (path /5C6427AC)
    (fp_text reference J2 (at 0.1 -6.45) (layer F.SilkS) hide
      (effects (font (size 1 1) (thickness 0.15)))
    )
    (fp_text value 161-3402-E (at 0.1 -1.27) (layer F.Fab) hide
      (effects (font (size 1 1) (thickness 0.15)))
    )
    (fp_text user %R (at 0.1 0.889) (layer F.Fab) hide
      (effects (font (size 1 1) (thickness 0.15)))
    )
    (pad S thru_hole circle (at -9.95 3) (size 1.6 1.6) (drill 0.8) (layers *.Cu *.Mask)
      (net 9 GND))
    (pad T smd rect (at 7.75 1) (size 6 1.8) (layers F.Cu F.Paste F.Mask)
      (net 28 "Net-(J2-PadT)"))
    (pad R smd rect (at -7.75 1) (size 6 1.8) (layers F.Cu F.Paste F.Mask)
      (net 27 "Net-(J2-PadR)"))
  )

  (module Package_TO_SOT_SMD:SC-59 (layer F.Cu) (tedit 5A02FF57) (tstamp 5C64B6A1)
    (at 133.985 100.965 90)
    (descr "SC-59, https://lib.chipdip.ru/images/import_diod/original/SOT-23_SC-59.jpg")
    (tags SC-59)
    (path /5C642F25)
    (attr smd)
    (fp_text reference D3 (at 0 -2.5 90) (layer F.SilkS) hide
      (effects (font (size 1 1) (thickness 0.15)))
    )
    (fp_text value DAN202K (at 0 2.5 90) (layer F.Fab) hide
      (effects (font (size 1 1) (thickness 0.15)))
    )
    (fp_text user %R (at 0 0 180) (layer F.Fab)
      (effects (font (size 0.5 0.5) (thickness 0.075)))
    )
    (fp_line (start -0.85 1.55) (end -0.85 -1) (layer F.Fab) (width 0.1))
    (fp_line (start -1.45 -1.65) (end 0.95 -1.65) (layer F.SilkS) (width 0.12))
    (fp_line (start 0.95 -1.65) (end 0.95 -0.6) (layer F.SilkS) (width 0.12))
    (fp_line (start -0.85 1.65) (end 0.95 1.65) (layer F.SilkS) (width 0.12))
    (fp_line (start 0.95 1.65) (end 0.95 0.6) (layer F.SilkS) (width 0.12))
    (fp_line (start -0.85 1.55) (end 0.85 1.55) (layer F.Fab) (width 0.1))
    (fp_line (start -0.3 -1.55) (end -0.85 -1) (layer F.Fab) (width 0.1))
    (fp_line (start -0.3 -1.55) (end 0.85 -1.55) (layer F.Fab) (width 0.1))
    (fp_line (start 0.85 -1.52) (end 0.85 1.52) (layer F.Fab) (width 0.1))
    (fp_line (start -1.9 -1.8) (end 1.9 -1.8) (layer F.CrtYd) (width 0.05))
    (fp_line (start -1.9 -1.8) (end -1.9 1.8) (layer F.CrtYd) (width 0.05))
    (fp_line (start 1.9 1.8) (end 1.9 -1.8) (layer F.CrtYd) (width 0.05))
    (fp_line (start 1.9 1.8) (end -1.9 1.8) (layer F.CrtYd) (width 0.05))
    (pad 1 smd rect (at -1.2 -0.95 90) (size 0.9 0.8) (layers F.Cu F.Paste F.Mask)
      (net 10 /STATUS5))
    (pad 2 smd rect (at -1.2 0.95 90) (size 0.9 0.8) (layers F.Cu F.Paste F.Mask)
      (net 10 /STATUS5))
    (pad 3 smd rect (at 1.2 0 90) (size 0.9 0.8) (layers F.Cu F.Paste F.Mask)
      (net 26 /CONTROL3))
    (model ${KISYS3DMOD}/Package_TO_SOT_SMD.3dshapes/SC-59.wrl
      (at (xyz 0 0 0))
      (scale (xyz 1 1 1))
      (rotate (xyz 0 0 0))
    )
  )

  (module Package_TO_SOT_SMD:SC-59 (layer F.Cu) (tedit 5A02FF57) (tstamp 5C64B6B6)
    (at 114.554 100.33 90)
    (descr "SC-59, https://lib.chipdip.ru/images/import_diod/original/SOT-23_SC-59.jpg")
    (tags SC-59)
    (path /5C642FB7)
    (attr smd)
    (fp_text reference D2 (at 0 -2.5 90) (layer F.SilkS) hide
      (effects (font (size 1 1) (thickness 0.15)))
    )
    (fp_text value DAN202K (at 0 2.5 90) (layer F.Fab) hide
      (effects (font (size 1 1) (thickness 0.15)))
    )
    (fp_line (start 1.9 1.8) (end -1.9 1.8) (layer F.CrtYd) (width 0.05))
    (fp_line (start 1.9 1.8) (end 1.9 -1.8) (layer F.CrtYd) (width 0.05))
    (fp_line (start -1.9 -1.8) (end -1.9 1.8) (layer F.CrtYd) (width 0.05))
    (fp_line (start -1.9 -1.8) (end 1.9 -1.8) (layer F.CrtYd) (width 0.05))
    (fp_line (start 0.85 -1.52) (end 0.85 1.52) (layer F.Fab) (width 0.1))
    (fp_line (start -0.3 -1.55) (end 0.85 -1.55) (layer F.Fab) (width 0.1))
    (fp_line (start -0.3 -1.55) (end -0.85 -1) (layer F.Fab) (width 0.1))
    (fp_line (start -0.85 1.55) (end 0.85 1.55) (layer F.Fab) (width 0.1))
    (fp_line (start 0.95 1.65) (end 0.95 0.6) (layer F.SilkS) (width 0.12))
    (fp_line (start -0.85 1.65) (end 0.95 1.65) (layer F.SilkS) (width 0.12))
    (fp_line (start 0.95 -1.65) (end 0.95 -0.6) (layer F.SilkS) (width 0.12))
    (fp_line (start -1.45 -1.65) (end 0.95 -1.65) (layer F.SilkS) (width 0.12))
    (fp_line (start -0.85 1.55) (end -0.85 -1) (layer F.Fab) (width 0.1))
    (fp_text user %R (at 0 0 180) (layer F.Fab)
      (effects (font (size 0.5 0.5) (thickness 0.075)))
    )
    (pad 3 smd rect (at 1.2 0 90) (size 0.9 0.8) (layers F.Cu F.Paste F.Mask)
      (net 8 VCC))
    (pad 2 smd rect (at -1.2 0.95 90) (size 0.9 0.8) (layers F.Cu F.Paste F.Mask)
      (net 14 /D1))
    (pad 1 smd rect (at -1.2 -0.95 90) (size 0.9 0.8) (layers F.Cu F.Paste F.Mask)
      (net 11 /D0))
    (model ${KISYS3DMOD}/Package_TO_SOT_SMD.3dshapes/SC-59.wrl
      (at (xyz 0 0 0))
      (scale (xyz 1 1 1))
      (rotate (xyz 0 0 0))
    )
  )

  (module Package_TO_SOT_SMD:SC-59 (layer F.Cu) (tedit 5A02FF57) (tstamp 5C64B6CB)
    (at 110.871 100.33 90)
    (descr "SC-59, https://lib.chipdip.ru/images/import_diod/original/SOT-23_SC-59.jpg")
    (tags SC-59)
    (path /5C642FFB)
    (attr smd)
    (fp_text reference D1 (at 0 -2.5 90) (layer F.SilkS) hide
      (effects (font (size 1 1) (thickness 0.15)))
    )
    (fp_text value DAN202K (at 0 2.5 90) (layer F.Fab) hide
      (effects (font (size 1 1) (thickness 0.15)))
    )
    (fp_text user %R (at 0 0 180) (layer F.Fab)
      (effects (font (size 0.5 0.5) (thickness 0.075)))
    )
    (fp_line (start -0.85 1.55) (end -0.85 -1) (layer F.Fab) (width 0.1))
    (fp_line (start -1.45 -1.65) (end 0.95 -1.65) (layer F.SilkS) (width 0.12))
    (fp_line (start 0.95 -1.65) (end 0.95 -0.6) (layer F.SilkS) (width 0.12))
    (fp_line (start -0.85 1.65) (end 0.95 1.65) (layer F.SilkS) (width 0.12))
    (fp_line (start 0.95 1.65) (end 0.95 0.6) (layer F.SilkS) (width 0.12))
    (fp_line (start -0.85 1.55) (end 0.85 1.55) (layer F.Fab) (width 0.1))
    (fp_line (start -0.3 -1.55) (end -0.85 -1) (layer F.Fab) (width 0.1))
    (fp_line (start -0.3 -1.55) (end 0.85 -1.55) (layer F.Fab) (width 0.1))
    (fp_line (start 0.85 -1.52) (end 0.85 1.52) (layer F.Fab) (width 0.1))
    (fp_line (start -1.9 -1.8) (end 1.9 -1.8) (layer F.CrtYd) (width 0.05))
    (fp_line (start -1.9 -1.8) (end -1.9 1.8) (layer F.CrtYd) (width 0.05))
    (fp_line (start 1.9 1.8) (end 1.9 -1.8) (layer F.CrtYd) (width 0.05))
    (fp_line (start 1.9 1.8) (end -1.9 1.8) (layer F.CrtYd) (width 0.05))
    (pad 1 smd rect (at -1.2 -0.95 90) (size 0.9 0.8) (layers F.Cu F.Paste F.Mask)
      (net 13 /CONTROL0))
    (pad 2 smd rect (at -1.2 0.95 90) (size 0.9 0.8) (layers F.Cu F.Paste F.Mask)
      (net 12 /CONTROL1))
    (pad 3 smd rect (at 1.2 0 90) (size 0.9 0.8) (layers F.Cu F.Paste F.Mask)
      (net 8 VCC))
    (model ${KISYS3DMOD}/Package_TO_SOT_SMD.3dshapes/SC-59.wrl
      (at (xyz 0 0 0))
      (scale (xyz 1 1 1))
      (rotate (xyz 0 0 0))
    )
  )

  (module Connector_Dsub:DSUB-25_Male_EdgeMount_P2.77mm (layer F.Cu) (tedit 59FEDEE2) (tstamp 5C64B778)
    (at 127 105.41)
    (descr "25-pin D-Sub connector, solder-cups edge-mounted, male, x-pin-pitch 2.77mm, distance of mounting holes 47.1mm, see https://disti-assets.s3.amazonaws.com/tonar/files/datasheets/16730.pdf")
    (tags "25-pin D-Sub connector edge mount solder cup male x-pin-pitch 2.77mm mounting holes distance 47.1mm")
    (path /5C642437)
    (attr smd)
    (fp_text reference J1 (at -20.543333 0) (layer F.SilkS) hide
      (effects (font (size 1 1) (thickness 0.15)))
    )
    (fp_text value DB25_Male (at 0 16.69) (layer F.Fab)
      (effects (font (size 1 1) (thickness 0.15)))
    )
    (fp_line (start -17.22 -0.91) (end -17.22 1.99) (layer F.Fab) (width 0.1))
    (fp_line (start -17.22 1.99) (end -16.02 1.99) (layer F.Fab) (width 0.1))
    (fp_line (start -16.02 1.99) (end -16.02 -0.91) (layer F.Fab) (width 0.1))
    (fp_line (start -16.02 -0.91) (end -17.22 -0.91) (layer F.Fab) (width 0.1))
    (fp_line (start -14.45 -0.91) (end -14.45 1.99) (layer F.Fab) (width 0.1))
    (fp_line (start -14.45 1.99) (end -13.25 1.99) (layer F.Fab) (width 0.1))
    (fp_line (start -13.25 1.99) (end -13.25 -0.91) (layer F.Fab) (width 0.1))
    (fp_line (start -13.25 -0.91) (end -14.45 -0.91) (layer F.Fab) (width 0.1))
    (fp_line (start -11.68 -0.91) (end -11.68 1.99) (layer F.Fab) (width 0.1))
    (fp_line (start -11.68 1.99) (end -10.48 1.99) (layer F.Fab) (width 0.1))
    (fp_line (start -10.48 1.99) (end -10.48 -0.91) (layer F.Fab) (width 0.1))
    (fp_line (start -10.48 -0.91) (end -11.68 -0.91) (layer F.Fab) (width 0.1))
    (fp_line (start -8.91 -0.91) (end -8.91 1.99) (layer F.Fab) (width 0.1))
    (fp_line (start -8.91 1.99) (end -7.71 1.99) (layer F.Fab) (width 0.1))
    (fp_line (start -7.71 1.99) (end -7.71 -0.91) (layer F.Fab) (width 0.1))
    (fp_line (start -7.71 -0.91) (end -8.91 -0.91) (layer F.Fab) (width 0.1))
    (fp_line (start -6.14 -0.91) (end -6.14 1.99) (layer F.Fab) (width 0.1))
    (fp_line (start -6.14 1.99) (end -4.94 1.99) (layer F.Fab) (width 0.1))
    (fp_line (start -4.94 1.99) (end -4.94 -0.91) (layer F.Fab) (width 0.1))
    (fp_line (start -4.94 -0.91) (end -6.14 -0.91) (layer F.Fab) (width 0.1))
    (fp_line (start -3.37 -0.91) (end -3.37 1.99) (layer F.Fab) (width 0.1))
    (fp_line (start -3.37 1.99) (end -2.17 1.99) (layer F.Fab) (width 0.1))
    (fp_line (start -2.17 1.99) (end -2.17 -0.91) (layer F.Fab) (width 0.1))
    (fp_line (start -2.17 -0.91) (end -3.37 -0.91) (layer F.Fab) (width 0.1))
    (fp_line (start -0.6 -0.91) (end -0.6 1.99) (layer F.Fab) (width 0.1))
    (fp_line (start -0.6 1.99) (end 0.6 1.99) (layer F.Fab) (width 0.1))
    (fp_line (start 0.6 1.99) (end 0.6 -0.91) (layer F.Fab) (width 0.1))
    (fp_line (start 0.6 -0.91) (end -0.6 -0.91) (layer F.Fab) (width 0.1))
    (fp_line (start 2.17 -0.91) (end 2.17 1.99) (layer F.Fab) (width 0.1))
    (fp_line (start 2.17 1.99) (end 3.37 1.99) (layer F.Fab) (width 0.1))
    (fp_line (start 3.37 1.99) (end 3.37 -0.91) (layer F.Fab) (width 0.1))
    (fp_line (start 3.37 -0.91) (end 2.17 -0.91) (layer F.Fab) (width 0.1))
    (fp_line (start 4.94 -0.91) (end 4.94 1.99) (layer F.Fab) (width 0.1))
    (fp_line (start 4.94 1.99) (end 6.14 1.99) (layer F.Fab) (width 0.1))
    (fp_line (start 6.14 1.99) (end 6.14 -0.91) (layer F.Fab) (width 0.1))
    (fp_line (start 6.14 -0.91) (end 4.94 -0.91) (layer F.Fab) (width 0.1))
    (fp_line (start 7.71 -0.91) (end 7.71 1.99) (layer F.Fab) (width 0.1))
    (fp_line (start 7.71 1.99) (end 8.91 1.99) (layer F.Fab) (width 0.1))
    (fp_line (start 8.91 1.99) (end 8.91 -0.91) (layer F.Fab) (width 0.1))
    (fp_line (start 8.91 -0.91) (end 7.71 -0.91) (layer F.Fab) (width 0.1))
    (fp_line (start 10.48 -0.91) (end 10.48 1.99) (layer F.Fab) (width 0.1))
    (fp_line (start 10.48 1.99) (end 11.68 1.99) (layer F.Fab) (width 0.1))
    (fp_line (start 11.68 1.99) (end 11.68 -0.91) (layer F.Fab) (width 0.1))
    (fp_line (start 11.68 -0.91) (end 10.48 -0.91) (layer F.Fab) (width 0.1))
    (fp_line (start 13.25 -0.91) (end 13.25 1.99) (layer F.Fab) (width 0.1))
    (fp_line (start 13.25 1.99) (end 14.45 1.99) (layer F.Fab) (width 0.1))
    (fp_line (start 14.45 1.99) (end 14.45 -0.91) (layer F.Fab) (width 0.1))
    (fp_line (start 14.45 -0.91) (end 13.25 -0.91) (layer F.Fab) (width 0.1))
    (fp_line (start 16.02 -0.91) (end 16.02 1.99) (layer F.Fab) (width 0.1))
    (fp_line (start 16.02 1.99) (end 17.22 1.99) (layer F.Fab) (width 0.1))
    (fp_line (start 17.22 1.99) (end 17.22 -0.91) (layer F.Fab) (width 0.1))
    (fp_line (start 17.22 -0.91) (end 16.02 -0.91) (layer F.Fab) (width 0.1))
    (fp_line (start -15.835 -0.91) (end -15.835 1.99) (layer B.Fab) (width 0.1))
    (fp_line (start -15.835 1.99) (end -14.635 1.99) (layer B.Fab) (width 0.1))
    (fp_line (start -14.635 1.99) (end -14.635 -0.91) (layer B.Fab) (width 0.1))
    (fp_line (start -14.635 -0.91) (end -15.835 -0.91) (layer B.Fab) (width 0.1))
    (fp_line (start -13.065 -0.91) (end -13.065 1.99) (layer B.Fab) (width 0.1))
    (fp_line (start -13.065 1.99) (end -11.865 1.99) (layer B.Fab) (width 0.1))
    (fp_line (start -11.865 1.99) (end -11.865 -0.91) (layer B.Fab) (width 0.1))
    (fp_line (start -11.865 -0.91) (end -13.065 -0.91) (layer B.Fab) (width 0.1))
    (fp_line (start -10.295 -0.91) (end -10.295 1.99) (layer B.Fab) (width 0.1))
    (fp_line (start -10.295 1.99) (end -9.095 1.99) (layer B.Fab) (width 0.1))
    (fp_line (start -9.095 1.99) (end -9.095 -0.91) (layer B.Fab) (width 0.1))
    (fp_line (start -9.095 -0.91) (end -10.295 -0.91) (layer B.Fab) (width 0.1))
    (fp_line (start -7.525 -0.91) (end -7.525 1.99) (layer B.Fab) (width 0.1))
    (fp_line (start -7.525 1.99) (end -6.325 1.99) (layer B.Fab) (width 0.1))
    (fp_line (start -6.325 1.99) (end -6.325 -0.91) (layer B.Fab) (width 0.1))
    (fp_line (start -6.325 -0.91) (end -7.525 -0.91) (layer B.Fab) (width 0.1))
    (fp_line (start -4.755 -0.91) (end -4.755 1.99) (layer B.Fab) (width 0.1))
    (fp_line (start -4.755 1.99) (end -3.555 1.99) (layer B.Fab) (width 0.1))
    (fp_line (start -3.555 1.99) (end -3.555 -0.91) (layer B.Fab) (width 0.1))
    (fp_line (start -3.555 -0.91) (end -4.755 -0.91) (layer B.Fab) (width 0.1))
    (fp_line (start -1.985 -0.91) (end -1.985 1.99) (layer B.Fab) (width 0.1))
    (fp_line (start -1.985 1.99) (end -0.785 1.99) (layer B.Fab) (width 0.1))
    (fp_line (start -0.785 1.99) (end -0.785 -0.91) (layer B.Fab) (width 0.1))
    (fp_line (start -0.785 -0.91) (end -1.985 -0.91) (layer B.Fab) (width 0.1))
    (fp_line (start 0.785 -0.91) (end 0.785 1.99) (layer B.Fab) (width 0.1))
    (fp_line (start 0.785 1.99) (end 1.985 1.99) (layer B.Fab) (width 0.1))
    (fp_line (start 1.985 1.99) (end 1.985 -0.91) (layer B.Fab) (width 0.1))
    (fp_line (start 1.985 -0.91) (end 0.785 -0.91) (layer B.Fab) (width 0.1))
    (fp_line (start 3.555 -0.91) (end 3.555 1.99) (layer B.Fab) (width 0.1))
    (fp_line (start 3.555 1.99) (end 4.755 1.99) (layer B.Fab) (width 0.1))
    (fp_line (start 4.755 1.99) (end 4.755 -0.91) (layer B.Fab) (width 0.1))
    (fp_line (start 4.755 -0.91) (end 3.555 -0.91) (layer B.Fab) (width 0.1))
    (fp_line (start 6.325 -0.91) (end 6.325 1.99) (layer B.Fab) (width 0.1))
    (fp_line (start 6.325 1.99) (end 7.525 1.99) (layer B.Fab) (width 0.1))
    (fp_line (start 7.525 1.99) (end 7.525 -0.91) (layer B.Fab) (width 0.1))
    (fp_line (start 7.525 -0.91) (end 6.325 -0.91) (layer B.Fab) (width 0.1))
    (fp_line (start 9.095 -0.91) (end 9.095 1.99) (layer B.Fab) (width 0.1))
    (fp_line (start 9.095 1.99) (end 10.295 1.99) (layer B.Fab) (width 0.1))
    (fp_line (start 10.295 1.99) (end 10.295 -0.91) (layer B.Fab) (width 0.1))
    (fp_line (start 10.295 -0.91) (end 9.095 -0.91) (layer B.Fab) (width 0.1))
    (fp_line (start 11.865 -0.91) (end 11.865 1.99) (layer B.Fab) (width 0.1))
    (fp_line (start 11.865 1.99) (end 13.065 1.99) (layer B.Fab) (width 0.1))
    (fp_line (start 13.065 1.99) (end 13.065 -0.91) (layer B.Fab) (width 0.1))
    (fp_line (start 13.065 -0.91) (end 11.865 -0.91) (layer B.Fab) (width 0.1))
    (fp_line (start 14.635 -0.91) (end 14.635 1.99) (layer B.Fab) (width 0.1))
    (fp_line (start 14.635 1.99) (end 15.835 1.99) (layer B.Fab) (width 0.1))
    (fp_line (start 15.835 1.99) (end 15.835 -0.91) (layer B.Fab) (width 0.1))
    (fp_line (start 15.835 -0.91) (end 14.635 -0.91) (layer B.Fab) (width 0.1))
    (fp_line (start -18.55 1.99) (end -18.55 4.79) (layer F.Fab) (width 0.1))
    (fp_line (start -18.55 4.79) (end 18.55 4.79) (layer F.Fab) (width 0.1))
    (fp_line (start 18.55 4.79) (end 18.55 1.99) (layer F.Fab) (width 0.1))
    (fp_line (start 18.55 1.99) (end -18.55 1.99) (layer F.Fab) (width 0.1))
    (fp_line (start -19.55 4.79) (end -19.55 9.29) (layer F.Fab) (width 0.1))
    (fp_line (start -19.55 9.29) (end 19.55 9.29) (layer F.Fab) (width 0.1))
    (fp_line (start 19.55 9.29) (end 19.55 4.79) (layer F.Fab) (width 0.1))
    (fp_line (start 19.55 4.79) (end -19.55 4.79) (layer F.Fab) (width 0.1))
    (fp_line (start -26.55 9.29) (end -26.55 9.69) (layer F.Fab) (width 0.1))
    (fp_line (start -26.55 9.69) (end 26.55 9.69) (layer F.Fab) (width 0.1))
    (fp_line (start 26.55 9.69) (end 26.55 9.29) (layer F.Fab) (width 0.1))
    (fp_line (start 26.55 9.29) (end -26.55 9.29) (layer F.Fab) (width 0.1))
    (fp_line (start -19.15 9.69) (end -19.15 15.69) (layer F.Fab) (width 0.1))
    (fp_line (start -19.15 15.69) (end 19.15 15.69) (layer F.Fab) (width 0.1))
    (fp_line (start 19.15 15.69) (end 19.15 9.69) (layer F.Fab) (width 0.1))
    (fp_line (start 19.15 9.69) (end -19.15 9.69) (layer F.Fab) (width 0.1))
    (fp_line (start -18.05 -2.25) (end 18.05 -2.25) (layer F.CrtYd) (width 0.05))
    (fp_line (start 18.05 -2.25) (end 18.05 1.5) (layer F.CrtYd) (width 0.05))
    (fp_line (start 18.05 1.5) (end 19.05 1.5) (layer F.CrtYd) (width 0.05))
    (fp_line (start 19.05 1.5) (end 19.05 4.3) (layer F.CrtYd) (width 0.05))
    (fp_line (start 19.05 4.3) (end 20.05 4.3) (layer F.CrtYd) (width 0.05))
    (fp_line (start 20.05 4.3) (end 20.05 8.8) (layer F.CrtYd) (width 0.05))
    (fp_line (start 20.05 8.8) (end 27.05 8.8) (layer F.CrtYd) (width 0.05))
    (fp_line (start 27.05 8.8) (end 27.05 10.2) (layer F.CrtYd) (width 0.05))
    (fp_line (start 27.05 10.2) (end 19.65 10.2) (layer F.CrtYd) (width 0.05))
    (fp_line (start 19.65 10.2) (end 19.65 16.2) (layer F.CrtYd) (width 0.05))
    (fp_line (start 19.65 16.2) (end -19.65 16.2) (layer F.CrtYd) (width 0.05))
    (fp_line (start -19.65 16.2) (end -19.65 10.2) (layer F.CrtYd) (width 0.05))
    (fp_line (start -19.65 10.2) (end -27.05 10.2) (layer F.CrtYd) (width 0.05))
    (fp_line (start -27.05 10.2) (end -27.05 8.8) (layer F.CrtYd) (width 0.05))
    (fp_line (start -27.05 8.8) (end -20.05 8.8) (layer F.CrtYd) (width 0.05))
    (fp_line (start -20.05 8.8) (end -20.05 4.3) (layer F.CrtYd) (width 0.05))
    (fp_line (start -20.05 4.3) (end -19.05 4.3) (layer F.CrtYd) (width 0.05))
    (fp_line (start -19.05 4.3) (end -19.05 1.5) (layer F.CrtYd) (width 0.05))
    (fp_line (start -19.05 1.5) (end -18.05 1.5) (layer F.CrtYd) (width 0.05))
    (fp_line (start -18.05 1.5) (end -18.05 -2.25) (layer F.CrtYd) (width 0.05))
    (fp_line (start 17.803333 1.74) (end 17.803333 -2) (layer F.SilkS) (width 0.12))
    (fp_line (start 17.803333 -2) (end -17.803333 -2) (layer F.SilkS) (width 0.12))
    (fp_line (start -17.803333 -2) (end -17.803333 1.74) (layer F.SilkS) (width 0.12))
    (fp_line (start -18.043333 0) (end -18.043333 -2.24) (layer F.SilkS) (width 0.12))
    (fp_line (start -18.043333 -2.24) (end -13.85 -2.24) (layer F.SilkS) (width 0.12))
    (fp_line (start -26.55 1.99) (end 26.55 1.99) (layer Dwgs.User) (width 0.05))
    (fp_text user %R (at 0 3.39) (layer F.Fab)
      (effects (font (size 1 1) (thickness 0.15)))
    )
    (fp_text user "PCB edge" (at -21.55 1.323333) (layer Dwgs.User)
      (effects (font (size 0.5 0.5) (thickness 0.075)))
    )
    (pad 1 smd rect (at -16.62 0) (size 1.846667 3.48) (layers F.Cu F.Paste F.Mask)
      (net 13 /CONTROL0))
    (pad 2 smd rect (at -13.85 0) (size 1.846667 3.48) (layers F.Cu F.Paste F.Mask)
      (net 11 /D0))
    (pad 3 smd rect (at -11.08 0) (size 1.846667 3.48) (layers F.Cu F.Paste F.Mask)
      (net 14 /D1))
    (pad 4 smd rect (at -8.31 0) (size 1.846667 3.48) (layers F.Cu F.Paste F.Mask)
      (net 15 /D2))
    (pad 5 smd rect (at -5.54 0) (size 1.846667 3.48) (layers F.Cu F.Paste F.Mask)
      (net 16 /D3))
    (pad 6 smd rect (at -2.77 0) (size 1.846667 3.48) (layers F.Cu F.Paste F.Mask)
      (net 17 /D4))
    (pad 7 smd rect (at 0 0) (size 1.846667 3.48) (layers F.Cu F.Paste F.Mask)
      (net 18 /D5))
    (pad 8 smd rect (at 2.77 0) (size 1.846667 3.48) (layers F.Cu F.Paste F.Mask)
      (net 19 /D6))
    (pad 9 smd rect (at 5.54 0) (size 1.846667 3.48) (layers F.Cu F.Paste F.Mask)
      (net 20 /D7))
    (pad 10 smd rect (at 8.31 0) (size 1.846667 3.48) (layers F.Cu F.Paste F.Mask)
      (net 21 /STATUS6))
    (pad 11 smd rect (at 11.08 0) (size 1.846667 3.48) (layers F.Cu F.Paste F.Mask)
      (net 22 /STATUS7))
    (pad 12 smd rect (at 13.85 0) (size 1.846667 3.48) (layers F.Cu F.Paste F.Mask)
      (net 10 /STATUS5))
    (pad 13 smd rect (at 16.62 0) (size 1.846667 3.48) (layers F.Cu F.Paste F.Mask)
      (net 23 /STATUS4))
    (pad 14 smd rect (at -15.235 0) (size 1.846667 3.48) (layers B.Cu B.Paste B.Mask)
      (net 12 /CONTROL1))
    (pad 15 smd rect (at -12.465 0) (size 1.846667 3.48) (layers B.Cu B.Paste B.Mask)
      (net 24 /STATUS3))
    (pad 16 smd rect (at -9.695 0) (size 1.846667 3.48) (layers B.Cu B.Paste B.Mask)
      (net 25 /CONTROL2))
    (pad 17 smd rect (at -6.925 0) (size 1.846667 3.48) (layers B.Cu B.Paste B.Mask)
      (net 26 /CONTROL3))
    (pad 18 smd rect (at -4.155 0) (size 1.846667 3.48) (layers B.Cu B.Paste B.Mask)
      (net 9 GND))
    (pad 19 smd rect (at -1.385 0) (size 1.846667 3.48) (layers B.Cu B.Paste B.Mask)
      (net 9 GND))
    (pad 20 smd rect (at 1.385 0) (size 1.846667 3.48) (layers B.Cu B.Paste B.Mask)
      (net 9 GND))
    (pad 21 smd rect (at 4.155 0) (size 1.846667 3.48) (layers B.Cu B.Paste B.Mask)
      (net 9 GND))
    (pad 22 smd rect (at 6.925 0) (size 1.846667 3.48) (layers B.Cu B.Paste B.Mask)
      (net 9 GND))
    (pad 23 smd rect (at 9.695 0) (size 1.846667 3.48) (layers B.Cu B.Paste B.Mask)
      (net 9 GND))
    (pad 24 smd rect (at 12.465 0) (size 1.846667 3.48) (layers B.Cu B.Paste B.Mask)
      (net 9 GND))
    (pad 25 smd rect (at 15.235 0) (size 1.846667 3.48) (layers B.Cu B.Paste B.Mask)
      (net 9 GND))
    (model ${KISYS3DMOD}/Connector_Dsub.3dshapes/DSUB-25_Male_EdgeMount_P2.77mm.wrl
      (at (xyz 0 0 0))
      (scale (xyz 1 1 1))
      (rotate (xyz 0 0 0))
    )
  )

  (module Resistor_SMD:R_0805_2012Metric (layer F.Cu) (tedit 5B36C52B) (tstamp 5C64B789)
    (at 133.985 97.155)
    (descr "Resistor SMD 0805 (2012 Metric), square (rectangular) end terminal, IPC_7351 nominal, (Body size source: https://docs.google.com/spreadsheets/d/1BsfQQcO9C6DZCsRaXUlFlo91Tg2WpOkGARC1WS5S8t0/edit?usp=sharing), generated with kicad-footprint-generator")
    (tags resistor)
    (path /5C642816)
    (attr smd)
    (fp_text reference R4 (at 0 -1.65) (layer F.SilkS) hide
      (effects (font (size 1 1) (thickness 0.15)))
    )
    (fp_text value 4.7k (at 0 1.65) (layer F.Fab) hide
      (effects (font (size 1 1) (thickness 0.15)))
    )
    (fp_line (start -1 0.6) (end -1 -0.6) (layer F.Fab) (width 0.1))
    (fp_line (start -1 -0.6) (end 1 -0.6) (layer F.Fab) (width 0.1))
    (fp_line (start 1 -0.6) (end 1 0.6) (layer F.Fab) (width 0.1))
    (fp_line (start 1 0.6) (end -1 0.6) (layer F.Fab) (width 0.1))
    (fp_line (start -0.258578 -0.71) (end 0.258578 -0.71) (layer F.SilkS) (width 0.12))
    (fp_line (start -0.258578 0.71) (end 0.258578 0.71) (layer F.SilkS) (width 0.12))
    (fp_line (start -1.68 0.95) (end -1.68 -0.95) (layer F.CrtYd) (width 0.05))
    (fp_line (start -1.68 -0.95) (end 1.68 -0.95) (layer F.CrtYd) (width 0.05))
    (fp_line (start 1.68 -0.95) (end 1.68 0.95) (layer F.CrtYd) (width 0.05))
    (fp_line (start 1.68 0.95) (end -1.68 0.95) (layer F.CrtYd) (width 0.05))
    (fp_text user %R (at 0 0) (layer F.Fab)
      (effects (font (size 0.5 0.5) (thickness 0.08)))
    )
    (pad 1 smd roundrect (at -0.9375 0) (size 0.975 1.4) (layers F.Cu F.Paste F.Mask) (roundrect_rratio 0.25)
      (net 10 /STATUS5))
    (pad 2 smd roundrect (at 0.9375 0) (size 0.975 1.4) (layers F.Cu F.Paste F.Mask) (roundrect_rratio 0.25)
      (net 8 VCC))
    (model ${KISYS3DMOD}/Resistor_SMD.3dshapes/R_0805_2012Metric.wrl
      (at (xyz 0 0 0))
      (scale (xyz 1 1 1))
      (rotate (xyz 0 0 0))
    )
  )

  (module Resistor_SMD:R_0805_2012Metric (layer F.Cu) (tedit 5B36C52B) (tstamp 5C64B79A)
    (at 136.144 92.075 270)
    (descr "Resistor SMD 0805 (2012 Metric), square (rectangular) end terminal, IPC_7351 nominal, (Body size source: https://docs.google.com/spreadsheets/d/1BsfQQcO9C6DZCsRaXUlFlo91Tg2WpOkGARC1WS5S8t0/edit?usp=sharing), generated with kicad-footprint-generator")
    (tags resistor)
    (path /5C64286B)
    (attr smd)
    (fp_text reference R5 (at 0 -1.65 270) (layer F.SilkS) hide
      (effects (font (size 1 1) (thickness 0.15)))
    )
    (fp_text value 20k (at 0 1.65 270) (layer F.Fab) hide
      (effects (font (size 1 1) (thickness 0.15)))
    )
    (fp_text user %R (at 0 0 270) (layer F.Fab)
      (effects (font (size 0.5 0.5) (thickness 0.08)))
    )
    (fp_line (start 1.68 0.95) (end -1.68 0.95) (layer F.CrtYd) (width 0.05))
    (fp_line (start 1.68 -0.95) (end 1.68 0.95) (layer F.CrtYd) (width 0.05))
    (fp_line (start -1.68 -0.95) (end 1.68 -0.95) (layer F.CrtYd) (width 0.05))
    (fp_line (start -1.68 0.95) (end -1.68 -0.95) (layer F.CrtYd) (width 0.05))
    (fp_line (start -0.258578 0.71) (end 0.258578 0.71) (layer F.SilkS) (width 0.12))
    (fp_line (start -0.258578 -0.71) (end 0.258578 -0.71) (layer F.SilkS) (width 0.12))
    (fp_line (start 1 0.6) (end -1 0.6) (layer F.Fab) (width 0.1))
    (fp_line (start 1 -0.6) (end 1 0.6) (layer F.Fab) (width 0.1))
    (fp_line (start -1 -0.6) (end 1 -0.6) (layer F.Fab) (width 0.1))
    (fp_line (start -1 0.6) (end -1 -0.6) (layer F.Fab) (width 0.1))
    (pad 2 smd roundrect (at 0.9375 0 270) (size 0.975 1.4) (layers F.Cu F.Paste F.Mask) (roundrect_rratio 0.25)
      (net 8 VCC))
    (pad 1 smd roundrect (at -0.9375 0 270) (size 0.975 1.4) (layers F.Cu F.Paste F.Mask) (roundrect_rratio 0.25)
      (net 6 "Net-(Q4-Pad2)"))
    (model ${KISYS3DMOD}/Resistor_SMD.3dshapes/R_0805_2012Metric.wrl
      (at (xyz 0 0 0))
      (scale (xyz 1 1 1))
      (rotate (xyz 0 0 0))
    )
  )

  (module Resistor_SMD:R_0805_2012Metric (layer F.Cu) (tedit 5B36C52B) (tstamp 5C64B7AB)
    (at 133.985 95.25)
    (descr "Resistor SMD 0805 (2012 Metric), square (rectangular) end terminal, IPC_7351 nominal, (Body size source: https://docs.google.com/spreadsheets/d/1BsfQQcO9C6DZCsRaXUlFlo91Tg2WpOkGARC1WS5S8t0/edit?usp=sharing), generated with kicad-footprint-generator")
    (tags resistor)
    (path /5C642893)
    (attr smd)
    (fp_text reference R3 (at 0 -1.65) (layer F.SilkS) hide
      (effects (font (size 1 1) (thickness 0.15)))
    )
    (fp_text value 20k (at 0 1.65) (layer F.Fab) hide
      (effects (font (size 1 1) (thickness 0.15)))
    )
    (fp_line (start -1 0.6) (end -1 -0.6) (layer F.Fab) (width 0.1))
    (fp_line (start -1 -0.6) (end 1 -0.6) (layer F.Fab) (width 0.1))
    (fp_line (start 1 -0.6) (end 1 0.6) (layer F.Fab) (width 0.1))
    (fp_line (start 1 0.6) (end -1 0.6) (layer F.Fab) (width 0.1))
    (fp_line (start -0.258578 -0.71) (end 0.258578 -0.71) (layer F.SilkS) (width 0.12))
    (fp_line (start -0.258578 0.71) (end 0.258578 0.71) (layer F.SilkS) (width 0.12))
    (fp_line (start -1.68 0.95) (end -1.68 -0.95) (layer F.CrtYd) (width 0.05))
    (fp_line (start -1.68 -0.95) (end 1.68 -0.95) (layer F.CrtYd) (width 0.05))
    (fp_line (start 1.68 -0.95) (end 1.68 0.95) (layer F.CrtYd) (width 0.05))
    (fp_line (start 1.68 0.95) (end -1.68 0.95) (layer F.CrtYd) (width 0.05))
    (fp_text user %R (at 0 0) (layer F.Fab)
      (effects (font (size 0.5 0.5) (thickness 0.08)))
    )
    (pad 1 smd roundrect (at -0.9375 0) (size 0.975 1.4) (layers F.Cu F.Paste F.Mask) (roundrect_rratio 0.25)
      (net 4 "Net-(Q3-Pad2)"))
    (pad 2 smd roundrect (at 0.9375 0) (size 0.975 1.4) (layers F.Cu F.Paste F.Mask) (roundrect_rratio 0.25)
      (net 8 VCC))
    (model ${KISYS3DMOD}/Resistor_SMD.3dshapes/R_0805_2012Metric.wrl
      (at (xyz 0 0 0))
      (scale (xyz 1 1 1))
      (rotate (xyz 0 0 0))
    )
  )

  (module Resistor_SMD:R_0805_2012Metric (layer F.Cu) (tedit 5B36C52B) (tstamp 5C64B7BC)
    (at 130.556 90.805 90)
    (descr "Resistor SMD 0805 (2012 Metric), square (rectangular) end terminal, IPC_7351 nominal, (Body size source: https://docs.google.com/spreadsheets/d/1BsfQQcO9C6DZCsRaXUlFlo91Tg2WpOkGARC1WS5S8t0/edit?usp=sharing), generated with kicad-footprint-generator")
    (tags resistor)
    (path /5C6428BD)
    (attr smd)
    (fp_text reference R2 (at 0 -1.65 90) (layer F.SilkS) hide
      (effects (font (size 1 1) (thickness 0.15)))
    )
    (fp_text value 20k (at 0 1.65 90) (layer F.Fab) hide
      (effects (font (size 1 1) (thickness 0.15)))
    )
    (fp_text user %R (at 0 0 90) (layer F.Fab)
      (effects (font (size 0.5 0.5) (thickness 0.08)))
    )
    (fp_line (start 1.68 0.95) (end -1.68 0.95) (layer F.CrtYd) (width 0.05))
    (fp_line (start 1.68 -0.95) (end 1.68 0.95) (layer F.CrtYd) (width 0.05))
    (fp_line (start -1.68 -0.95) (end 1.68 -0.95) (layer F.CrtYd) (width 0.05))
    (fp_line (start -1.68 0.95) (end -1.68 -0.95) (layer F.CrtYd) (width 0.05))
    (fp_line (start -0.258578 0.71) (end 0.258578 0.71) (layer F.SilkS) (width 0.12))
    (fp_line (start -0.258578 -0.71) (end 0.258578 -0.71) (layer F.SilkS) (width 0.12))
    (fp_line (start 1 0.6) (end -1 0.6) (layer F.Fab) (width 0.1))
    (fp_line (start 1 -0.6) (end 1 0.6) (layer F.Fab) (width 0.1))
    (fp_line (start -1 -0.6) (end 1 -0.6) (layer F.Fab) (width 0.1))
    (fp_line (start -1 0.6) (end -1 -0.6) (layer F.Fab) (width 0.1))
    (pad 2 smd roundrect (at 0.9375 0 90) (size 0.975 1.4) (layers F.Cu F.Paste F.Mask) (roundrect_rratio 0.25)
      (net 8 VCC))
    (pad 1 smd roundrect (at -0.9375 0 90) (size 0.975 1.4) (layers F.Cu F.Paste F.Mask) (roundrect_rratio 0.25)
      (net 3 "Net-(Q2-Pad2)"))
    (model ${KISYS3DMOD}/Resistor_SMD.3dshapes/R_0805_2012Metric.wrl
      (at (xyz 0 0 0))
      (scale (xyz 1 1 1))
      (rotate (xyz 0 0 0))
    )
  )

  (module Resistor_SMD:R_0805_2012Metric (layer F.Cu) (tedit 5B36C52B) (tstamp 5C64B7CD)
    (at 128.016 89.916 270)
    (descr "Resistor SMD 0805 (2012 Metric), square (rectangular) end terminal, IPC_7351 nominal, (Body size source: https://docs.google.com/spreadsheets/d/1BsfQQcO9C6DZCsRaXUlFlo91Tg2WpOkGARC1WS5S8t0/edit?usp=sharing), generated with kicad-footprint-generator")
    (tags resistor)
    (path /5C642A73)
    (attr smd)
    (fp_text reference R1 (at 0 -1.65 270) (layer F.SilkS) hide
      (effects (font (size 1 1) (thickness 0.15)))
    )
    (fp_text value 100 (at 0 1.65 270) (layer F.Fab) hide
      (effects (font (size 1 1) (thickness 0.15)))
    )
    (fp_line (start -1 0.6) (end -1 -0.6) (layer F.Fab) (width 0.1))
    (fp_line (start -1 -0.6) (end 1 -0.6) (layer F.Fab) (width 0.1))
    (fp_line (start 1 -0.6) (end 1 0.6) (layer F.Fab) (width 0.1))
    (fp_line (start 1 0.6) (end -1 0.6) (layer F.Fab) (width 0.1))
    (fp_line (start -0.258578 -0.71) (end 0.258578 -0.71) (layer F.SilkS) (width 0.12))
    (fp_line (start -0.258578 0.71) (end 0.258578 0.71) (layer F.SilkS) (width 0.12))
    (fp_line (start -1.68 0.95) (end -1.68 -0.95) (layer F.CrtYd) (width 0.05))
    (fp_line (start -1.68 -0.95) (end 1.68 -0.95) (layer F.CrtYd) (width 0.05))
    (fp_line (start 1.68 -0.95) (end 1.68 0.95) (layer F.CrtYd) (width 0.05))
    (fp_line (start 1.68 0.95) (end -1.68 0.95) (layer F.CrtYd) (width 0.05))
    (fp_text user %R (at 0 0 270) (layer F.Fab)
      (effects (font (size 0.5 0.5) (thickness 0.08)))
    )
    (pad 1 smd roundrect (at -0.9375 0 270) (size 0.975 1.4) (layers F.Cu F.Paste F.Mask) (roundrect_rratio 0.25)
      (net 28 "Net-(J2-PadT)"))
    (pad 2 smd roundrect (at 0.9375 0 270) (size 0.975 1.4) (layers F.Cu F.Paste F.Mask) (roundrect_rratio 0.25)
      (net 29 /AUDIO_OUT))
    (model ${KISYS3DMOD}/Resistor_SMD.3dshapes/R_0805_2012Metric.wrl
      (at (xyz 0 0 0))
      (scale (xyz 1 1 1))
      (rotate (xyz 0 0 0))
    )
  )

  (module Package_SO:SOIC-16W_5.3x10.2mm_P1.27mm (layer B.Cu) (tedit 5A02F2D3) (tstamp 5C64B7F2)
    (at 121.92 98.425 90)
    (descr "16-Lead Plastic Small Outline (SO) - Wide, 5.3 mm Body (http://www.ti.com/lit/ml/msop002a/msop002a.pdf)")
    (tags "SOIC 1.27")
    (path /5C642636)
    (attr smd)
    (fp_text reference RN2 (at 0 6.2 90) (layer B.SilkS) hide
      (effects (font (size 1 1) (thickness 0.15)) (justify mirror))
    )
    (fp_text value 8x10k (at 0 -6.2 90) (layer B.Fab) hide
      (effects (font (size 1 1) (thickness 0.15)) (justify mirror))
    )
    (fp_text user %R (at 0 0 90) (layer B.Fab)
      (effects (font (size 1 1) (thickness 0.15)) (justify mirror))
    )
    (fp_line (start -1.65 5.1) (end 2.65 5.1) (layer B.Fab) (width 0.15))
    (fp_line (start 2.65 5.1) (end 2.65 -5.1) (layer B.Fab) (width 0.15))
    (fp_line (start 2.65 -5.1) (end -2.65 -5.1) (layer B.Fab) (width 0.15))
    (fp_line (start -2.65 -5.1) (end -2.65 4.1) (layer B.Fab) (width 0.15))
    (fp_line (start -2.65 4.1) (end -1.65 5.1) (layer B.Fab) (width 0.15))
    (fp_line (start -4.55 5.45) (end -4.55 -5.45) (layer B.CrtYd) (width 0.05))
    (fp_line (start 4.55 5.45) (end 4.55 -5.45) (layer B.CrtYd) (width 0.05))
    (fp_line (start -4.55 5.45) (end 4.55 5.45) (layer B.CrtYd) (width 0.05))
    (fp_line (start -4.55 -5.45) (end 4.55 -5.45) (layer B.CrtYd) (width 0.05))
    (fp_line (start -2.775 5.275) (end -2.775 5) (layer B.SilkS) (width 0.15))
    (fp_line (start 2.775 5.275) (end 2.775 4.92) (layer B.SilkS) (width 0.15))
    (fp_line (start 2.775 -5.275) (end 2.775 -4.92) (layer B.SilkS) (width 0.15))
    (fp_line (start -2.775 -5.275) (end -2.775 -4.92) (layer B.SilkS) (width 0.15))
    (fp_line (start -2.775 5.275) (end 2.775 5.275) (layer B.SilkS) (width 0.15))
    (fp_line (start -2.775 -5.275) (end 2.775 -5.275) (layer B.SilkS) (width 0.15))
    (fp_line (start -2.775 5) (end -4.3 5) (layer B.SilkS) (width 0.15))
    (pad 1 smd rect (at -3.55 4.445 90) (size 1.5 0.6) (layers B.Cu B.Paste B.Mask)
      (net 36 /DAC_1xLP))
    (pad 2 smd rect (at -3.55 3.175 90) (size 1.5 0.6) (layers B.Cu B.Paste B.Mask)
      (net 7 /DAC_OUT))
    (pad 3 smd rect (at -3.55 1.905 90) (size 1.5 0.6) (layers B.Cu B.Paste B.Mask)
      (net 43 /D6_20k))
    (pad 4 smd rect (at -3.55 0.635 90) (size 1.5 0.6) (layers B.Cu B.Paste B.Mask)
      (net 42 /D5_20k))
    (pad 5 smd rect (at -3.55 -0.635 90) (size 1.5 0.6) (layers B.Cu B.Paste B.Mask)
      (net 41 /D4_20k))
    (pad 6 smd rect (at -3.55 -1.905 90) (size 1.5 0.6) (layers B.Cu B.Paste B.Mask)
      (net 40 /D3_20k))
    (pad 7 smd rect (at -3.55 -3.175 90) (size 1.5 0.6) (layers B.Cu B.Paste B.Mask)
      (net 39 /D2_20k))
    (pad 8 smd rect (at -3.55 -4.445 90) (size 1.5 0.6) (layers B.Cu B.Paste B.Mask)
      (net 38 /D1_20k))
    (pad 9 smd rect (at 3.55 -4.445 90) (size 1.5 0.6) (layers B.Cu B.Paste B.Mask)
      (net 37 /D0_20k))
    (pad 10 smd rect (at 3.55 -3.175 90) (size 1.5 0.6) (layers B.Cu B.Paste B.Mask)
      (net 38 /D1_20k))
    (pad 11 smd rect (at 3.55 -1.905 90) (size 1.5 0.6) (layers B.Cu B.Paste B.Mask)
      (net 39 /D2_20k))
    (pad 12 smd rect (at 3.55 -0.635 90) (size 1.5 0.6) (layers B.Cu B.Paste B.Mask)
      (net 40 /D3_20k))
    (pad 13 smd rect (at 3.55 0.635 90) (size 1.5 0.6) (layers B.Cu B.Paste B.Mask)
      (net 41 /D4_20k))
    (pad 14 smd rect (at 3.55 1.905 90) (size 1.5 0.6) (layers B.Cu B.Paste B.Mask)
      (net 42 /D5_20k))
    (pad 15 smd rect (at 3.55 3.175 90) (size 1.5 0.6) (layers B.Cu B.Paste B.Mask)
      (net 43 /D6_20k))
    (pad 16 smd rect (at 3.55 4.445 90) (size 1.5 0.6) (layers B.Cu B.Paste B.Mask)
      (net 7 /DAC_OUT))
